{
  "train_examples": 227073,
  "val_examples": 28684,
  "test_examples": 29828,
  "test_loss": 2.3426030574510577,
  "test_accuracy_softmax": 0.30095883062893924,
  "test_accuracy_relu": 0.3008247284430736,
  "history": [
    {
      "epoch": 1,
      "train_loss": 2.2996193843264963,
      "val_loss": 2.402143020906503,
      "val_acc_softmax": 0.28280574536326875,
      "val_acc_relu": 0.28259656951610657
    }
  ],
  "per_tag_recall_softmax": {
    "ADJ": 0.20928931169557918,
    "ADP": 0.25160652496292635,
    "ADV": 0.2008438818565401,
    "AUX": 0.23904639175257733,
    "CCONJ": 0.3157894736842105,
    "DET": 0.3056583818085669,
    "INTJ": 0.968503937007874,
    "NOUN": 0.2445107652952462,
    "NUM": 0.5712895377128954,
    "PART": 0.29050925925925924,
    "PRON": 0.26853146853146853,
    "PROPN": 0.26325214899713467,
    "PUNCT": 0.23331130204890946,
    "SCONJ": 0.27455357142857145,
    "SYM": 0.24074074074074073,
    "VERB": 0.24288354898336414,
    "X": 0.6842417061611374
  },
  "per_tag_recall_relu": {
    "ADJ": 0.21040850587576945,
    "ADP": 0.25111220958971825,
    "ADV": 0.2008438818565401,
    "AUX": 0.23904639175257733,
    "CCONJ": 0.3157894736842105,
    "DET": 0.3056583818085669,
    "INTJ": 0.968503937007874,
    "NOUN": 0.24429759113195482,
    "NUM": 0.5712895377128954,
    "PART": 0.28935185185185186,
    "PRON": 0.26853146853146853,
    "PROPN": 0.2628939828080229,
    "PUNCT": 0.23331130204890946,
    "SCONJ": 0.27455357142857145,
    "SYM": 0.24074074074074073,
    "VERB": 0.24288354898336414,
    "X": 0.6830568720379147
  },
  "confusion_matrix_softmax": [
    [
      374,
      34,
      32,
      25,
      29,
      85,
      925,
      63,
      11,
      19,
      33,
      48,
      30,
      22,
      5,
      46,
      6
    ],
    [
      38,
      509,
      47,
      43,
      29,
      93,
      905,
      60,
      18,
      36,
      38,
      40,
      22,
      60,
      8,
      73,
      4
    ],
    [
      27,
      26,
      238,
      31,
      16,
      51,
      623,
      33,
      9,
      22,
      29,
      20,
      13,
      22,
      4,
      20,
      1
    ],
    [
      15,
      14,
      16,
      371,
      14,
      49,
      862,
      28,
      6,
      43,
      33,
      22,
      17,
      19,
      3,
      37,
      3
    ],
    [
      15,
      12,
      12,
      12,
      234,
      36,
      308,
      28,
      5,
      5,
      18,
      20,
      10,
      8,
      2,
      13,
      3
    ],
    [
      29,
      49,
      33,
      27,
      21,
      578,
      914,
      48,
      12,
      21,
      40,
      25,
      17,
      22,
      4,
      44,
      7
    ],
    [
      0,
      0,
      0,
      0,
      0,
      0,
      123,
      0,
      0,
      0,
      1,
      0,
      2,
      0,
      0,
      0,
      1
    ],
    [
      110,
      101,
      77,
      62,
      69,
      186,
      2106,
      1147,
      183,
      85,
      88,
      162,
      64,
      56,
      24,
      112,
      59
    ],
    [
      12,
      19,
      12,
      16,
      4,
      45,
      569,
      38,
      1174,
      18,
      6,
      41,
      23,
      7,
      50,
      13,
      8
    ],
    [
      15,
      19,
      10,
      22,
      4,
      22,
      433,
      15,
      4,
      251,
      19,
      10,
      10,
      6,
      4,
      19,
      1
    ],
    [
      21,
      18,
      33,
      26,
      19,
      80,
      1183,
      30,
      7,
      30,
      576,
      22,
      35,
      21,
      3,
      37,
      4
    ],
    [
      36,
      70,
      27,
      44,
      33,
      108,
      1376,
      70,
      76,
      33,
      38,
      735,
      35,
      22,
      8,
      47,
      34
    ],
    [
      45,
      59,
      34,
      51,
      39,
      90,
      1444,
      115,
      96,
      32,
      76,
      89,
      706,
      24,
      8,
      72,
      46
    ],
    [
      9,
      24,
      6,
      6,
      4,
      18,
      197,
      10,
      5,
      8,
      10,
      8,
      4,
      123,
      0,
      15,
      1
    ],
    [
      1,
      1,
      0,
      1,
      2,
      1,
      49,
      3,
      13,
      1,
      1,
      0,
      4,
      0,
      26,
      4,
      1
    ],
    [
      43,
      27,
      57,
      68,
      39,
      104,
      1396,
      61,
      26,
      44,
      75,
      32,
      18,
      41,
      15,
      657,
      2
    ],
    [
      9,
      4,
      2,
      5,
      8,
      15,
      412,
      23,
      13,
      4,
      2,
      13,
      6,
      1,
      12,
      4,
      1155
    ]
  ],
  "confusion_matrix_softmax_normalized_true": [
    [
      0.20928931169557918,
      0.019026301063234472,
      0.01790710688304421,
      0.013989927252378288,
      0.016228315612758813,
      0.04756575265808618,
      0.5176273083379966,
      0.035254616675993285,
      0.006155567991046447,
      0.010632344711807499,
      0.01846670397313934,
      0.026860660324566313,
      0.016787912702853944,
      0.012311135982092894,
      0.0027979854504756574,
      0.02574146614437605,
      0.003357582540570789
    ],
    [
      0.018783984181908058,
      0.25160652496292635,
      0.023232822540781017,
      0.021255561047948592,
      0.014335145823035097,
      0.04597132970835393,
      0.4473554127533366,
      0.029658922392486405,
      0.008897676717745922,
      0.017795353435491844,
      0.018783984181908058,
      0.019772614928324272,
      0.010874938210578349,
      0.029658922392486405,
      0.003954522985664854,
      0.03608502224419179,
      0.001977261492832427
    ],
    [
      0.02278481012658228,
      0.021940928270042195,
      0.2008438818565401,
      0.026160337552742614,
      0.01350210970464135,
      0.043037974683544304,
      0.5257383966244725,
      0.027848101265822784,
      0.007594936708860759,
      0.018565400843881856,
      0.024472573839662448,
      0.016877637130801686,
      0.010970464135021098,
      0.018565400843881856,
      0.0033755274261603376,
      0.016877637130801686,
      0.0008438818565400844
    ],
    [
      0.009664948453608248,
      0.00902061855670103,
      0.010309278350515464,
      0.23904639175257733,
      0.00902061855670103,
      0.03157216494845361,
      0.5554123711340206,
      0.01804123711340206,
      0.003865979381443299,
      0.027706185567010308,
      0.021262886597938145,
      0.014175257731958763,
      0.01095360824742268,
      0.012242268041237113,
      0.0019329896907216496,
      0.02384020618556701,
      0.0019329896907216496
    ],
    [
      0.020242914979757085,
      0.016194331983805668,
      0.016194331983805668,
      0.016194331983805668,
      0.3157894736842105,
      0.048582995951417005,
      0.4156545209176788,
      0.037786774628879895,
      0.006747638326585695,
      0.006747638326585695,
      0.024291497975708502,
      0.02699055330634278,
      0.01349527665317139,
      0.010796221322537112,
      0.002699055330634278,
      0.017543859649122806,
      0.004048582995951417
    ],
    [
      0.015335801163405606,
      0.025912215758857746,
      0.017451084082496033,
      0.014278159703860392,
      0.01110523532522475,
      0.3056583818085669,
      0.4833421470121629,
      0.02538339502908514,
      0.006345848757271285,
      0.01110523532522475,
      0.021152829190904283,
      0.013220518244315178,
      0.008989952406134321,
      0.011634056054997356,
      0.0021152829190904283,
      0.023268112109994712,
      0.0037017451084082496
    ],
    [
      0.0,
      0.0,
      0.0,
      0.0,
      0.0,
      0.0,
      0.968503937007874,
      0.0,
      0.0,
      0.0,
      0.007874015748031496,
      0.0,
      0.015748031496062992,
      0.0,
      0.0,
      0.0,
      0.007874015748031496
    ],
    [
      0.023449157962055,
      0.021530590492432316,
      0.0164144105734385,
      0.013216798124067362,
      0.014709017267107227,
      0.03965039437220209,
      0.4489447878917075,
      0.2445107652952462,
      0.03901087188232786,
      0.01811980387976977,
      0.018759326369644,
      0.03453421445320827,
      0.01364314645065018,
      0.011937753144318908,
      0.005116179918993818,
      0.023875506288637816,
      0.012577275634193136
    ],
    [
      0.00583941605839416,
      0.009245742092457421,
      0.00583941605839416,
      0.007785888077858881,
      0.0019464720194647203,
      0.021897810218978103,
      0.27688564476885646,
      0.018491484184914843,
      0.5712895377128954,
      0.008759124087591242,
      0.00291970802919708,
      0.01995133819951338,
      0.01119221411192214,
      0.0034063260340632603,
      0.024330900243309004,
      0.006326034063260341,
      0.0038929440389294406
    ],
    [
      0.017361111111111112,
      0.02199074074074074,
      0.011574074074074073,
      0.02546296296296296,
      0.004629629629629629,
      0.02546296296296296,
      0.5011574074074074,
      0.017361111111111112,
      0.004629629629629629,
      0.29050925925925924,
      0.02199074074074074,
      0.011574074074074073,
      0.011574074074074073,
      0.006944444444444444,
      0.004629629629629629,
      0.02199074074074074,
      0.0011574074074074073
    ],
    [
      0.009790209790209791,
      0.008391608391608392,
      0.015384615384615385,
      0.012121212121212121,
      0.008857808857808859,
      0.037296037296037296,
      0.5515151515151515,
      0.013986013986013986,
      0.0032634032634032634,
      0.013986013986013986,
      0.26853146853146853,
      0.010256410256410256,
      0.016317016317016316,
      0.009790209790209791,
      0.0013986013986013986,
      0.01724941724941725,
      0.0018648018648018648
    ],
    [
      0.012893982808022923,
      0.025071633237822348,
      0.009670487106017192,
      0.015759312320916905,
      0.01181948424068768,
      0.03868194842406877,
      0.49283667621776506,
      0.025071633237822348,
      0.027220630372492838,
      0.01181948424068768,
      0.013610315186246419,
      0.26325214899713467,
      0.012535816618911174,
      0.007879656160458453,
      0.0028653295128939827,
      0.01683381088825215,
      0.012177650429799427
    ],
    [
      0.014871116986120292,
      0.019497686715135493,
      0.011235955056179775,
      0.016853932584269662,
      0.012888301387970919,
      0.029742233972240583,
      0.47719762062128224,
      0.0380039656311963,
      0.031725049570389956,
      0.010575016523463317,
      0.02511566424322538,
      0.029411764705882353,
      0.23331130204890946,
      0.007931262392597489,
      0.0026437541308658294,
      0.023793787177792465,
      0.01520158625247852
    ],
    [
      0.020089285714285716,
      0.05357142857142857,
      0.013392857142857142,
      0.013392857142857142,
      0.008928571428571428,
      0.04017857142857143,
      0.43973214285714285,
      0.022321428571428572,
      0.011160714285714286,
      0.017857142857142856,
      0.022321428571428572,
      0.017857142857142856,
      0.008928571428571428,
      0.27455357142857145,
      0.0,
      0.033482142857142856,
      0.002232142857142857
    ],
    [
      0.009259259259259259,
      0.009259259259259259,
      0.0,
      0.009259259259259259,
      0.018518518518518517,
      0.009259259259259259,
      0.4537037037037037,
      0.027777777777777776,
      0.12037037037037036,
      0.009259259259259259,
      0.009259259259259259,
      0.0,
      0.037037037037037035,
      0.0,
      0.24074074074074073,
      0.037037037037037035,
      0.009259259259259259
    ],
    [
      0.01589648798521257,
      0.009981515711645102,
      0.021072088724584104,
      0.025138632162661736,
      0.014417744916820702,
      0.03844731977818854,
      0.5160813308687615,
      0.02255083179297597,
      0.009611829944547136,
      0.016266173752310535,
      0.027726432532347505,
      0.011829944547134935,
      0.006654343807763401,
      0.015157116451016635,
      0.005545286506469501,
      0.24288354898336414,
      0.0007393715341959334
    ],
    [
      0.00533175355450237,
      0.002369668246445498,
      0.001184834123222749,
      0.002962085308056872,
      0.004739336492890996,
      0.008886255924170616,
      0.24407582938388625,
      0.013625592417061612,
      0.007701421800947867,
      0.002369668246445498,
      0.001184834123222749,
      0.007701421800947867,
      0.0035545023696682463,
      0.0005924170616113745,
      0.0071090047393364926,
      0.002369668246445498,
      0.6842417061611374
    ]
  ],
  "trainer": "sklearn",
  "active_tags": [
    "ADJ",
    "ADP",
    "ADV",
    "AUX",
    "CCONJ",
    "DET",
    "INTJ",
    "NOUN",
    "NUM",
    "PART",
    "PRON",
    "PROPN",
    "PUNCT",
    "SCONJ",
    "SYM",
    "VERB",
    "X"
  ],
  "disabled_tags": [],
  "classification_mode": "ovr",
  "sklearn_params": {
    "C": 1.0,
    "max_iter": 200,
    "class_weight": "balanced"
  }
}