{
  "train_examples": 207053,
  "val_examples": 25478,
  "test_examples": 25429,
  "test_loss": 2.460250406982699,
  "test_accuracy_softmax": 0.26210232411813283,
  "test_accuracy_relu": 0.26214164929804556,
  "history": [
    {
      "epoch": 1,
      "train_loss": 2.3493453303116367,
      "val_loss": 2.456246391552866,
      "val_acc_softmax": 0.25527906429076064,
      "val_acc_relu": 0.2550435669989795
    }
  ],
  "per_tag_recall_softmax": {
    "ADJ": 0.20663114268798105,
    "ADP": 0.2608910891089109,
    "ADV": 0.20958083832335328,
    "AUX": 0.25448504983388703,
    "CCONJ": 0.3048780487804878,
    "DET": 0.28850210970464135,
    "INTJ": 0.9416666666666667,
    "NOUN": 0.25018164204407844,
    "NUM": 0.416044776119403,
    "PART": 0.3142857142857143,
    "PRON": 0.26413345690454126,
    "PROPN": 0.2544578313253012,
    "PUNCT": 0.24726336123631681,
    "SCONJ": 0.27539503386004516,
    "SYM": 0.24,
    "VERB": 0.2428139183055976,
    "X": 0.35668789808917195
  },
  "per_tag_recall_relu": {
    "ADJ": 0.20840734162226168,
    "ADP": 0.2608910891089109,
    "ADV": 0.20958083832335328,
    "AUX": 0.25448504983388703,
    "CCONJ": 0.3048780487804878,
    "DET": 0.2879746835443038,
    "INTJ": 0.9416666666666667,
    "NOUN": 0.25018164204407844,
    "NUM": 0.416044776119403,
    "PART": 0.3126984126984127,
    "PRON": 0.26413345690454126,
    "PROPN": 0.2544578313253012,
    "PUNCT": 0.24726336123631681,
    "SCONJ": 0.27539503386004516,
    "SYM": 0.24,
    "VERB": 0.2428139183055976,
    "X": 0.35668789808917195
  },
  "confusion_matrix_softmax": [
    [
      349,
      31,
      31,
      30,
      15,
      39,
      877,
      50,
      17,
      15,
      30,
      51,
      25,
      60,
      6,
      42,
      21
    ],
    [
      38,
      527,
      33,
      41,
      23,
      40,
      924,
      46,
      37,
      39,
      41,
      44,
      20,
      79,
      10,
      48,
      30
    ],
    [
      35,
      28,
      245,
      20,
      15,
      18,
      612,
      32,
      6,
      20,
      22,
      18,
      13,
      43,
      8,
      26,
      8
    ],
    [
      8,
      10,
      17,
      383,
      15,
      20,
      813,
      26,
      20,
      24,
      39,
      29,
      9,
      45,
      3,
      27,
      17
    ],
    [
      15,
      13,
      14,
      8,
      225,
      15,
      290,
      28,
      13,
      16,
      15,
      16,
      11,
      32,
      1,
      16,
      10
    ],
    [
      29,
      28,
      31,
      34,
      13,
      547,
      916,
      37,
      17,
      24,
      44,
      28,
      17,
      58,
      9,
      45,
      19
    ],
    [
      0,
      0,
      1,
      0,
      1,
      0,
      113,
      0,
      0,
      1,
      1,
      0,
      0,
      1,
      0,
      2,
      0
    ],
    [
      111,
      85,
      71,
      57,
      65,
      75,
      1889,
      1033,
      84,
      62,
      88,
      138,
      65,
      120,
      12,
      92,
      82
    ],
    [
      3,
      8,
      6,
      7,
      2,
      8,
      197,
      10,
      223,
      4,
      5,
      16,
      13,
      11,
      5,
      3,
      15
    ],
    [
      7,
      8,
      8,
      10,
      8,
      6,
      282,
      15,
      6,
      198,
      11,
      18,
      4,
      16,
      2,
      14,
      17
    ],
    [
      14,
      29,
      20,
      23,
      17,
      29,
      1186,
      35,
      13,
      30,
      570,
      22,
      20,
      58,
      2,
      46,
      44
    ],
    [
      40,
      39,
      15,
      24,
      20,
      49,
      1020,
      63,
      56,
      22,
      27,
      528,
      47,
      57,
      3,
      29,
      36
    ],
    [
      52,
      69,
      35,
      54,
      27,
      54,
      1456,
      112,
      60,
      41,
      62,
      86,
      768,
      89,
      20,
      61,
      60
    ],
    [
      3,
      30,
      9,
      8,
      1,
      5,
      202,
      16,
      8,
      8,
      7,
      3,
      4,
      122,
      2,
      12,
      3
    ],
    [
      0,
      4,
      0,
      0,
      2,
      1,
      40,
      3,
      9,
      0,
      1,
      3,
      9,
      0,
      24,
      0,
      4
    ],
    [
      47,
      33,
      29,
      80,
      30,
      27,
      1361,
      52,
      25,
      48,
      69,
      33,
      32,
      81,
      7,
      642,
      48
    ],
    [
      4,
      6,
      5,
      11,
      3,
      5,
      215,
      8,
      3,
      6,
      15,
      8,
      2,
      6,
      1,
      5,
      168
    ]
  ],
  "confusion_matrix_softmax_normalized_true": [
    [
      0.20663114268798105,
      0.018354055654233273,
      0.018354055654233273,
      0.017761989342806393,
      0.008880994671403197,
      0.023090586145648313,
      0.5192421551213736,
      0.02960331557134399,
      0.010065127294256957,
      0.008880994671403197,
      0.017761989342806393,
      0.03019538188277087,
      0.014801657785671996,
      0.035523978685612786,
      0.003552397868561279,
      0.02486678507992895,
      0.012433392539964476
    ],
    [
      0.01881188118811881,
      0.2608910891089109,
      0.016336633663366337,
      0.020297029702970298,
      0.011386138613861386,
      0.019801980198019802,
      0.45742574257425744,
      0.02277227722772277,
      0.018316831683168316,
      0.019306930693069307,
      0.020297029702970298,
      0.02178217821782178,
      0.009900990099009901,
      0.03910891089108911,
      0.0049504950495049506,
      0.023762376237623763,
      0.01485148514851485
    ],
    [
      0.029940119760479042,
      0.023952095808383235,
      0.20958083832335328,
      0.01710863986313088,
      0.01283147989734816,
      0.015397775876817793,
      0.523524379811805,
      0.02737382378100941,
      0.0051325919589392645,
      0.01710863986313088,
      0.018819503849443968,
      0.015397775876817793,
      0.011120615911035072,
      0.036783575705731396,
      0.006843455945252352,
      0.022241231822070145,
      0.006843455945252352
    ],
    [
      0.0053156146179402,
      0.006644518272425249,
      0.011295681063122924,
      0.25448504983388703,
      0.009966777408637873,
      0.013289036544850499,
      0.5401993355481728,
      0.01727574750830565,
      0.013289036544850499,
      0.015946843853820596,
      0.025913621262458473,
      0.019269102990033222,
      0.005980066445182724,
      0.029900332225913623,
      0.0019933554817275745,
      0.017940199335548173,
      0.011295681063122924
    ],
    [
      0.02032520325203252,
      0.017615176151761516,
      0.018970189701897018,
      0.01084010840108401,
      0.3048780487804878,
      0.02032520325203252,
      0.39295392953929537,
      0.037940379403794036,
      0.017615176151761516,
      0.02168021680216802,
      0.02032520325203252,
      0.02168021680216802,
      0.014905149051490514,
      0.04336043360433604,
      0.0013550135501355014,
      0.02168021680216802,
      0.013550135501355014
    ],
    [
      0.01529535864978903,
      0.014767932489451477,
      0.016350210970464137,
      0.017932489451476793,
      0.006856540084388186,
      0.28850210970464135,
      0.4831223628691983,
      0.019514767932489453,
      0.008966244725738396,
      0.012658227848101266,
      0.023206751054852322,
      0.014767932489451477,
      0.008966244725738396,
      0.03059071729957806,
      0.004746835443037975,
      0.023734177215189875,
      0.010021097046413503
    ],
    [
      0.0,
      0.0,
      0.008333333333333333,
      0.0,
      0.008333333333333333,
      0.0,
      0.9416666666666667,
      0.0,
      0.0,
      0.008333333333333333,
      0.008333333333333333,
      0.0,
      0.0,
      0.008333333333333333,
      0.0,
      0.016666666666666666,
      0.0
    ],
    [
      0.026883022523613465,
      0.020586098328893195,
      0.017195446839428433,
      0.01380479534996367,
      0.01574231048680068,
      0.018164204407846937,
      0.45749576168563816,
      0.25018164204407844,
      0.020343908936788568,
      0.015015742310486802,
      0.02131266650520707,
      0.033422136110438365,
      0.01574231048680068,
      0.0290627270525551,
      0.00290627270525551,
      0.022281424073625575,
      0.019859530152579317
    ],
    [
      0.005597014925373134,
      0.014925373134328358,
      0.011194029850746268,
      0.013059701492537313,
      0.0037313432835820895,
      0.014925373134328358,
      0.3675373134328358,
      0.018656716417910446,
      0.416044776119403,
      0.007462686567164179,
      0.009328358208955223,
      0.029850746268656716,
      0.024253731343283583,
      0.020522388059701493,
      0.009328358208955223,
      0.005597014925373134,
      0.027985074626865673
    ],
    [
      0.011111111111111112,
      0.012698412698412698,
      0.012698412698412698,
      0.015873015873015872,
      0.012698412698412698,
      0.009523809523809525,
      0.44761904761904764,
      0.023809523809523808,
      0.009523809523809525,
      0.3142857142857143,
      0.01746031746031746,
      0.02857142857142857,
      0.006349206349206349,
      0.025396825396825397,
      0.0031746031746031746,
      0.022222222222222223,
      0.026984126984126985
    ],
    [
      0.006487488415199258,
      0.013438368860055607,
      0.009267840593141797,
      0.010658016682113068,
      0.007877664504170528,
      0.013438368860055607,
      0.5495829471733086,
      0.016218721037998145,
      0.006024096385542169,
      0.013901760889712697,
      0.26413345690454126,
      0.010194624652455977,
      0.009267840593141797,
      0.026876737720111215,
      0.0009267840593141798,
      0.021316033364226137,
      0.020389249304911955
    ],
    [
      0.01927710843373494,
      0.018795180722891568,
      0.007228915662650603,
      0.011566265060240964,
      0.00963855421686747,
      0.023614457831325302,
      0.491566265060241,
      0.030361445783132532,
      0.026987951807228915,
      0.010602409638554217,
      0.013012048192771084,
      0.2544578313253012,
      0.022650602409638555,
      0.02746987951807229,
      0.0014457831325301205,
      0.013975903614457831,
      0.017349397590361446
    ],
    [
      0.01674179008370895,
      0.022215067611075338,
      0.011268512556342562,
      0.017385705086928525,
      0.008692852543464262,
      0.017385705086928525,
      0.4687701223438506,
      0.0360592401802962,
      0.019317450096587252,
      0.013200257566001287,
      0.019961365099806824,
      0.027688345138441726,
      0.24726336123631681,
      0.02865421764327109,
      0.00643915003219575,
      0.019639407598197038,
      0.019317450096587252
    ],
    [
      0.006772009029345372,
      0.06772009029345373,
      0.020316027088036117,
      0.01805869074492099,
      0.002257336343115124,
      0.011286681715575621,
      0.45598194130925507,
      0.03611738148984198,
      0.01805869074492099,
      0.01805869074492099,
      0.01580135440180587,
      0.006772009029345372,
      0.009029345372460496,
      0.27539503386004516,
      0.004514672686230248,
      0.02708803611738149,
      0.006772009029345372
    ],
    [
      0.0,
      0.04,
      0.0,
      0.0,
      0.02,
      0.01,
      0.4,
      0.03,
      0.09,
      0.0,
      0.01,
      0.03,
      0.09,
      0.0,
      0.24,
      0.0,
      0.04
    ],
    [
      0.01777609682299546,
      0.012481089258698942,
      0.01096822995461422,
      0.030257186081694403,
      0.0113464447806354,
      0.01021180030257186,
      0.514750378214826,
      0.019667170953101363,
      0.009455370650529501,
      0.018154311649016642,
      0.026096822995461424,
      0.012481089258698942,
      0.012102874432677761,
      0.030635400907715583,
      0.00264750378214826,
      0.2428139183055976,
      0.018154311649016642
    ],
    [
      0.008492569002123142,
      0.012738853503184714,
      0.010615711252653927,
      0.02335456475583864,
      0.006369426751592357,
      0.010615711252653927,
      0.4564755838641189,
      0.016985138004246284,
      0.006369426751592357,
      0.012738853503184714,
      0.03184713375796178,
      0.016985138004246284,
      0.004246284501061571,
      0.012738853503184714,
      0.0021231422505307855,
      0.010615711252653927,
      0.35668789808917195
    ]
  ],
  "trainer": "sklearn",
  "classification_mode": "ovr",
  "sklearn_params": {
    "C": 1.0,
    "max_iter": 200,
    "class_weight": "balanced"
  }
}