{
  "train_examples": 207053,
  "val_examples": 25478,
  "test_examples": 25429,
  "test_loss": 2.476857145010096,
  "test_accuracy_softmax": 0.2613158205198789,
  "test_accuracy_relu": 0.26119784498014076,
  "history": [
    {
      "epoch": 1,
      "train_loss": 2.351380930617847,
      "val_loss": 2.4853620076443397,
      "val_acc_softmax": 0.25359133369966247,
      "val_acc_relu": 0.2534735850537719
    }
  ],
  "per_tag_recall_softmax": {
    "ADJ": 0.2054470100651273,
    "ADP": 0.2584158415841584,
    "ADV": 0.21813515825491872,
    "AUX": 0.25182724252491695,
    "CCONJ": 0.3130081300813008,
    "DET": 0.28639240506329117,
    "INTJ": 0.9416666666666667,
    "NOUN": 0.24993945265197384,
    "NUM": 0.42723880597014924,
    "PART": 0.30793650793650795,
    "PRON": 0.26274328081556997,
    "PROPN": 0.25060240963855424,
    "PUNCT": 0.24694140373470702,
    "SCONJ": 0.27539503386004516,
    "SYM": 0.3,
    "VERB": 0.23751891074130105,
    "X": 0.3524416135881104
  },
  "per_tag_recall_relu": {
    "ADJ": 0.20603907637655416,
    "ADP": 0.25792079207920793,
    "ADV": 0.21813515825491872,
    "AUX": 0.25182724252491695,
    "CCONJ": 0.3130081300813008,
    "DET": 0.28639240506329117,
    "INTJ": 0.9416666666666667,
    "NOUN": 0.2496972632598692,
    "NUM": 0.4253731343283582,
    "PART": 0.30793650793650795,
    "PRON": 0.2622798887859129,
    "PROPN": 0.25060240963855424,
    "PUNCT": 0.24694140373470702,
    "SCONJ": 0.27539503386004516,
    "SYM": 0.3,
    "VERB": 0.23751891074130105,
    "X": 0.3524416135881104
  },
  "confusion_matrix_softmax": [
    [
      347,
      26,
      34,
      23,
      18,
      40,
      877,
      52,
      14,
      16,
      29,
      52,
      23,
      56,
      6,
      45,
      31
    ],
    [
      41,
      522,
      42,
      38,
      22,
      40,
      924,
      56,
      27,
      44,
      47,
      36,
      24,
      75,
      11,
      49,
      22
    ],
    [
      26,
      28,
      255,
      20,
      19,
      19,
      614,
      27,
      11,
      23,
      19,
      14,
      11,
      39,
      6,
      27,
      11
    ],
    [
      11,
      12,
      17,
      379,
      14,
      20,
      812,
      24,
      21,
      18,
      35,
      28,
      9,
      43,
      9,
      29,
      24
    ],
    [
      14,
      12,
      15,
      9,
      231,
      15,
      290,
      26,
      9,
      8,
      17,
      16,
      11,
      32,
      5,
      18,
      10
    ],
    [
      33,
      26,
      32,
      32,
      15,
      543,
      916,
      42,
      15,
      18,
      41,
      25,
      18,
      60,
      14,
      44,
      22
    ],
    [
      0,
      0,
      0,
      0,
      1,
      0,
      113,
      0,
      0,
      0,
      2,
      0,
      0,
      2,
      0,
      2,
      0
    ],
    [
      104,
      92,
      72,
      57,
      61,
      79,
      1892,
      1032,
      81,
      65,
      82,
      133,
      60,
      125,
      11,
      89,
      94
    ],
    [
      5,
      5,
      5,
      6,
      2,
      9,
      197,
      14,
      229,
      5,
      5,
      15,
      13,
      13,
      4,
      3,
      6
    ],
    [
      5,
      10,
      8,
      10,
      9,
      7,
      282,
      18,
      5,
      194,
      9,
      15,
      7,
      17,
      1,
      14,
      19
    ],
    [
      20,
      22,
      21,
      29,
      22,
      28,
      1195,
      30,
      13,
      26,
      567,
      23,
      17,
      60,
      4,
      40,
      41
    ],
    [
      37,
      36,
      25,
      24,
      20,
      53,
      1020,
      67,
      59,
      25,
      26,
      520,
      40,
      54,
      4,
      26,
      39
    ],
    [
      55,
      68,
      43,
      57,
      33,
      51,
      1457,
      115,
      51,
      36,
      63,
      81,
      767,
      86,
      23,
      59,
      61
    ],
    [
      2,
      32,
      10,
      5,
      3,
      5,
      200,
      15,
      6,
      8,
      8,
      6,
      4,
      122,
      1,
      11,
      5
    ],
    [
      0,
      3,
      0,
      0,
      0,
      1,
      40,
      3,
      11,
      1,
      1,
      3,
      5,
      1,
      30,
      0,
      1
    ],
    [
      42,
      40,
      25,
      82,
      33,
      26,
      1360,
      56,
      30,
      37,
      71,
      33,
      33,
      86,
      9,
      628,
      53
    ],
    [
      4,
      4,
      5,
      8,
      3,
      6,
      215,
      10,
      5,
      8,
      15,
      7,
      3,
      7,
      0,
      5,
      166
    ]
  ],
  "confusion_matrix_softmax_normalized_true": [
    [
      0.2054470100651273,
      0.015393724097098875,
      0.020130254588513915,
      0.013617525162818236,
      0.010657193605683837,
      0.023682652457075192,
      0.5192421551213736,
      0.03078744819419775,
      0.008288928359976317,
      0.009473060982830076,
      0.017169923031379514,
      0.03078744819419775,
      0.013617525162818236,
      0.03315571343990527,
      0.003552397868561279,
      0.02664298401420959,
      0.018354055654233273
    ],
    [
      0.020297029702970298,
      0.2584158415841584,
      0.020792079207920793,
      0.01881188118811881,
      0.01089108910891089,
      0.019801980198019802,
      0.45742574257425744,
      0.027722772277227723,
      0.013366336633663366,
      0.02178217821782178,
      0.023267326732673267,
      0.01782178217821782,
      0.011881188118811881,
      0.03712871287128713,
      0.005445544554455445,
      0.024257425742574258,
      0.01089108910891089
    ],
    [
      0.022241231822070145,
      0.023952095808383235,
      0.21813515825491872,
      0.01710863986313088,
      0.016253207869974338,
      0.016253207869974338,
      0.525235243798118,
      0.023096663815226688,
      0.009409751924721984,
      0.019674935842600515,
      0.016253207869974338,
      0.011976047904191617,
      0.009409751924721984,
      0.033361847733105215,
      0.0051325919589392645,
      0.023096663815226688,
      0.009409751924721984
    ],
    [
      0.007308970099667774,
      0.007973421926910298,
      0.011295681063122924,
      0.25182724252491695,
      0.009302325581395349,
      0.013289036544850499,
      0.5395348837209303,
      0.015946843853820596,
      0.013953488372093023,
      0.011960132890365448,
      0.023255813953488372,
      0.018604651162790697,
      0.005980066445182724,
      0.02857142857142857,
      0.005980066445182724,
      0.019269102990033222,
      0.015946843853820596
    ],
    [
      0.018970189701897018,
      0.016260162601626018,
      0.02032520325203252,
      0.012195121951219513,
      0.3130081300813008,
      0.02032520325203252,
      0.39295392953929537,
      0.03523035230352303,
      0.012195121951219513,
      0.01084010840108401,
      0.023035230352303523,
      0.02168021680216802,
      0.014905149051490514,
      0.04336043360433604,
      0.006775067750677507,
      0.024390243902439025,
      0.013550135501355014
    ],
    [
      0.01740506329113924,
      0.013713080168776372,
      0.016877637130801686,
      0.016877637130801686,
      0.007911392405063292,
      0.28639240506329117,
      0.4831223628691983,
      0.022151898734177215,
      0.007911392405063292,
      0.00949367088607595,
      0.021624472573839662,
      0.013185654008438819,
      0.00949367088607595,
      0.03164556962025317,
      0.007383966244725738,
      0.023206751054852322,
      0.011603375527426161
    ],
    [
      0.0,
      0.0,
      0.0,
      0.0,
      0.008333333333333333,
      0.0,
      0.9416666666666667,
      0.0,
      0.0,
      0.0,
      0.016666666666666666,
      0.0,
      0.0,
      0.016666666666666666,
      0.0,
      0.016666666666666666,
      0.0
    ],
    [
      0.025187696778881084,
      0.022281424073625575,
      0.01743763623153306,
      0.01380479534996367,
      0.014773552918382175,
      0.01913296197626544,
      0.45822232986195205,
      0.24993945265197384,
      0.01961734076047469,
      0.01574231048680068,
      0.019859530152579317,
      0.032211189149915234,
      0.01453136352627755,
      0.030273674013078226,
      0.002664083313150884,
      0.0215548558973117,
      0.022765802857834826
    ],
    [
      0.009328358208955223,
      0.009328358208955223,
      0.009328358208955223,
      0.011194029850746268,
      0.0037313432835820895,
      0.016791044776119403,
      0.3675373134328358,
      0.026119402985074626,
      0.42723880597014924,
      0.009328358208955223,
      0.009328358208955223,
      0.027985074626865673,
      0.024253731343283583,
      0.024253731343283583,
      0.007462686567164179,
      0.005597014925373134,
      0.011194029850746268
    ],
    [
      0.007936507936507936,
      0.015873015873015872,
      0.012698412698412698,
      0.015873015873015872,
      0.014285714285714285,
      0.011111111111111112,
      0.44761904761904764,
      0.02857142857142857,
      0.007936507936507936,
      0.30793650793650795,
      0.014285714285714285,
      0.023809523809523808,
      0.011111111111111112,
      0.026984126984126985,
      0.0015873015873015873,
      0.022222222222222223,
      0.03015873015873016
    ],
    [
      0.009267840593141797,
      0.010194624652455977,
      0.009731232622798888,
      0.013438368860055607,
      0.010194624652455977,
      0.012974976830398516,
      0.5537534754402225,
      0.013901760889712697,
      0.006024096385542169,
      0.012048192771084338,
      0.26274328081556997,
      0.010658016682113068,
      0.007877664504170528,
      0.027803521779425393,
      0.0018535681186283596,
      0.018535681186283594,
      0.018999073215940687
    ],
    [
      0.01783132530120482,
      0.017349397590361446,
      0.012048192771084338,
      0.011566265060240964,
      0.00963855421686747,
      0.025542168674698794,
      0.491566265060241,
      0.03228915662650603,
      0.028433734939759037,
      0.012048192771084338,
      0.01253012048192771,
      0.25060240963855424,
      0.01927710843373494,
      0.026024096385542168,
      0.0019277108433734939,
      0.01253012048192771,
      0.018795180722891568
    ],
    [
      0.017707662588538314,
      0.02189311010946555,
      0.013844172569220863,
      0.018351577591757887,
      0.010624597553122988,
      0.016419832582099163,
      0.4690920798454604,
      0.037025112685125566,
      0.016419832582099163,
      0.01159047005795235,
      0.020283322601416614,
      0.02607855763039279,
      0.24694140373470702,
      0.027688345138441726,
      0.007405022537025113,
      0.018995492594977462,
      0.019639407598197038
    ],
    [
      0.004514672686230248,
      0.07223476297968397,
      0.022573363431151242,
      0.011286681715575621,
      0.006772009029345372,
      0.011286681715575621,
      0.45146726862302483,
      0.033860045146726865,
      0.013544018058690745,
      0.01805869074492099,
      0.01805869074492099,
      0.013544018058690745,
      0.009029345372460496,
      0.27539503386004516,
      0.002257336343115124,
      0.024830699774266364,
      0.011286681715575621
    ],
    [
      0.0,
      0.03,
      0.0,
      0.0,
      0.0,
      0.01,
      0.4,
      0.03,
      0.11,
      0.01,
      0.01,
      0.03,
      0.05,
      0.01,
      0.3,
      0.0,
      0.01
    ],
    [
      0.01588502269288956,
      0.015128593040847202,
      0.009455370650529501,
      0.031013615733736764,
      0.012481089258698942,
      0.009833585476550681,
      0.5143721633888049,
      0.02118003025718608,
      0.0113464447806354,
      0.01399394856278366,
      0.02685325264750378,
      0.012481089258698942,
      0.012481089258698942,
      0.03252647503782148,
      0.00340393343419062,
      0.23751891074130105,
      0.020045385779122543
    ],
    [
      0.008492569002123142,
      0.008492569002123142,
      0.010615711252653927,
      0.016985138004246284,
      0.006369426751592357,
      0.012738853503184714,
      0.4564755838641189,
      0.021231422505307854,
      0.010615711252653927,
      0.016985138004246284,
      0.03184713375796178,
      0.014861995753715499,
      0.006369426751592357,
      0.014861995753715499,
      0.0,
      0.010615711252653927,
      0.3524416135881104
    ]
  ],
  "trainer": "sklearn",
  "active_tags": [
    "ADJ",
    "ADP",
    "ADV",
    "AUX",
    "CCONJ",
    "DET",
    "INTJ",
    "NOUN",
    "NUM",
    "PART",
    "PRON",
    "PROPN",
    "PUNCT",
    "SCONJ",
    "SYM",
    "VERB",
    "X"
  ],
  "disabled_tags": [],
  "classification_mode": "ovr",
  "sklearn_params": {
    "C": 1.0,
    "max_iter": 200,
    "class_weight": "balanced"
  }
}